filename	imageID	brightness_median	brightness_stdev	saturation_median	saturation_stdev	hue_median	hue_stdev
Firewatch - 1.jpg	10	27	52.7929	131	48.7918	60	39.223
Firewatch - 2.jpg	2	54	23.8039	214	25.4273	193	12.4989
Firewatch - 5.png	3	91	55.1615	143	40.1742	104	31.1916
Firewatch Dusk Sky.jpg	1	46	13.1649	134	40.8759	141	15.8281
Firewatch Dusk.jpg	4	53	29.3437	183	39.2757	129	11.3836
Firewatch Mountain Dawn.jpg	6	105	86.8574	144	46.1582	102	46.5424
Firewatch Mountain Sunset.png	7	110	66.286	175	26.0137	231	102.816
Firewatch Sunset 2.png	8	111	66.5107	182	24.981	35	113.5243
Firewatch Sunset.jpg	9	122	68.7313	183	18.9479	205	112.4366
Genshin Beach 01.png	11	112	21.5738	64	36.0062	150	92.0221
Genshin Beach 02.png	12	206	30.3164	82	52.1368	134	50.5109
Genshin Beach 03.png	13	131	19.836	172	20.6045	147	9.0266
Genshin Cathedral Dawn.png	14	109	19.5993	174	14.721	152	4.9911
Genshin Cathedral Dusk.png	15	111	19.2506	165	22.3752	152	4.9531
Genshin Cathedral Noon.png	16	190	33.4711	169	49.9397	147	7.5651
Genshin Cathedral Sunset.png	17	112	19.4668	44	16.3059	212	53.6003
Genshin Cliff Dawn.png	18	112	32.0692	73	47.2625	123	25.8983
Genshin Cliff Dusk.png	19	104	20.777	166	14.4066	151	8.2745
Genshin Cliff Noon.png	20	190	47.3396	114	57.2606	146	53.5845
Genshin Cliff Sunset.png	21	117	27.0016	99	32.4189	156	79.952
Genshin Field Dawn.png	22	147	26.7837	145	36.559	80	31.0728
Genshin Field Dusk.png	23	114	23.6809	185	17.9487	110	23.3376
Genshin Field Noon.png	24	186	43.8021	156	40.0191	61	42.2476
Genshin Field Sunset.png	25	121	58.8569	171	53.8134	32	66.5466
Genshin House Dawn.png	26	95	45.8659	155	46.3897	93	29.8721
Genshin House Dusk.png	27	107	32.2654	170	41.2675	126	29.0145
Genshin House Noon.png	28	186	55.0563	140	48.0829	106	38.3577
Genshin Impact Sunset.png	29	128	58.7345	154	41.8746	24	53.795
Genshin Lake Dawn.png	30	169	14.4122	158	44.0731	139	14.8123
Genshin Lake Dusk.png	31	134	23.8506	175	19.3359	150	7.087
Genshin Lake Noon.png	32	202	27.9941	123	43.6637	142	15.3446
Genshin Lake Sunset.png	33	204	30.2614	91	30.1718	13	95.4111
Genshin Monster Hut Dusk.png	34	137	48.523	149	36.5897	147	24.8022
Genshin Monster Hut Noon.png	35	188	44.812	60	51.3474	122	45.4708
Genshin Monster Hut Sunset.png	36	171	50.6086	143	41.5153	15	61.248
Genshin Montain Noon.png	37	150	22.5671	77	38.6241	141	28.3807
Genshin Mountain Dawn.png	38	160	25.6571	66	37.8847	134	29.5937
Genshin Mountain Dusk.png	39	126	30.9724	173	21.029	149	9.3686
Genshin Ricefield Dawn.png	40	149	42.5257	195	36.8709	100	43.8764
Genshin Ricefield Dusk.png	41	104	29.0064	184	28.7422	112	46.7114
Genshin Ricefield Noon.png	42	177	41.0311	169	50.1028	65	48.9121
Genshin Ricefield Sunset.png	43	97	40.3126	178	69.596	43	84.3304
Genshin Waterfall Dawn.png	44	164	32.0632	107	43.4385	140	25.6163
Genshin Waterfall Dusk.png	45	109	40.4984	208	25.7619	152	22.5469
Genshin Waterfall Noon.png	46	175	36.3511	118	54.3069	146	32.9429
Genshin Waterfall Sunset.png	47	118	25.153	144	35.5326	156	36.902
Just Cause 3-1.png	50	160	70.0105	151	51.8747	29	62.6462
Just Cause 3-2.png	48	146	61.5125	125	61.1665	140	56.2838
Just Cause 3-3.png	49	120	52.7358	116	55.2695	38	75.3908
Minecraft 1.jpg	51	141	55.8052	47	32.3762	146	55.3239
Minecraft Dawn.jpg	53	84	76.5248	94	56.5985	113	59.8675
Minecraft Dawn1.jpg	52	130	79.7045	48	38.1738	150	66.8771
Minecraft Dawn2.jpg	54	154	74.0721	46	55.6176	203	95.9114
Minecraft Field1.jpg	55	118	59.2714	79	36.4164	147	25.8918
Minecraft Field2.jpg	56	195	76.4944	42	56.548	70	49.7418
Minecraft Field3.jpg	57	38	65.8205	77	53.5704	75	67.6147
Minecraft Field4.png	58	100	54.4153	80	40.2592	153	87.6841
Minecraft Lake1.jpg	59	163	67.975	137	67.9283	133	35.3401
Minecraft Lake2.jpg	60	169	49.342	98	67.9751	141	39.8266
Minecraft Lake3.png	61	63	74.3688	59	64.3023	56	75.8871
Minecraft Lake4.jpg	62	121	22.6941	70	32.8611	76	31.3661
Minecraft Mountain1.png	62	121	22.6941	70	32.8611	76	31.3661
Minecraft Mountain2.jpg	64	155	49.1592	60	50.1202	105	66.4712
Minecraft Mountain3.jpg	65	183	57.6898	91	62.8566	24	95.5285
Minecraft Noon.jpg	66	108	75.539	61	43.9519	155	56.5248
Minecraft Ricefield 1.png	68	173	62.3867	25	39.1101	41	61.911
Minecraft Ricefield 2.png	66	108	75.539	61	43.9519	155	56.5248
Minecraft Ricefield 3.jpg	68	173	62.3867	25	39.1101	41	61.911
Minecraft.jpg	70	142	62.0789	26	26.149	180	82.6941
Skyrim 1.jpg	71	120	67.0016	69	40.7687	34	65.6385
Skyrim 10.jpg	72	77	60.7908	96	55.3908	25	32.0806
Skyrim 11.jpg	73	128	67.3545	20	22.2675	150	60.1785
Skyrim 12.jpg	74	5	23.6318	76	89.8324	42	81.219
Skyrim 13.jpg	75	57	71.8773	21	32.0439	146	92.2339
Skyrim 14.jpg	76	13	37.5362	142	75.3729	18	56.6834
Skyrim 15.jpg	77	100	59.1172	36	31.1744	143	57.0316
Skyrim 16.jpg	78	25	40.4507	61	56.1054	33	27.6809
Skyrim 17.jpg	79	12	22.3952	75	73.2468	142	59.3086
Skyrim 18.jpg	80	9	40.1051	30	73.6425	42	57.2916
Skyrim 19.jpg	81	35	27.4061	31	16.8611	155	61.8889
Skyrim 2.jpg	82	87	89.5327	73	62.4346	15	36.836
Skyrim 20.jpg	83	8	34.9562	94	77.0812	28	64.6106
Skyrim 21.jpg	84	10	23.6345	56	38.9872	18	100.8443
Skyrim 22.jpg	85	87	37.1976	113	36.4851	108	21.8707
Skyrim 23.jpg	86	37	74.8767	15	34.2082	146	77.129
Skyrim 24.jpg	87	11	36.3174	74	64.4226	18	79.4346
Skyrim 25.jpg	88	37	64.352	56	67.9759	31	55.0375
Skyrim 26.jpg	89	50	43.3837	147	45.4051	22	21.0703
Skyrim 27.jpg	90	64	82.158	35	32.1809	152	72.4013
Skyrim 3.jpg	91	78	74.5333	75	64.9729	15	41.2037
Skyrim 4.jpg	92	40	67.5443	105	54.5525	28	37.6194
Skyrim 5.jpg	93	144	65.9573	85	54.5097	23	78.4829
Skyrim 6.jpg	94	49	74.6002	120	55.462	21	25.6808
Skyrim 7.jpg	95	9	40.4514	198	51.7847	26	19.8678
Skyrim 8.jpg	96	18	35.2389	194	55.4274	17	77.591
Skyrim 9.jpg	97	26	38.0664	188	55.5125	18	58.2723
Zelda Beach 01.png	99	55	15.6179	70	50.8478	85	29.7897
Zelda Beach 02.png	100	228	24.0531	68	41.1048	129	48.0066
Zelda Beach 03.png	101	140	40.3307	71	50.2323	46	29.4825
Zelda Cathedral Dawn.png	102	172	47.1915	41	31.882	69	29.8711
Zelda Cathedral Dusk.png	103	91	44.7536	76	28.5394	61	16.6445
Zelda Cathedral Noon.png	104	192	40.0483	103	27.5702	106	35.2189
Zelda Cathedral Sunset.png	105	71	58.2845	111	33.0993	44	12.4896
Zelda Cliff 2.png	106	47	41.7523	85	42.6662	185	93.121
Zelda Cliff 3.png	107	119	42.1453	47	39.5766	152	66.9597
Zelda Cliff 4.png	108	60	71.3935	90	35.6786	119	32.9685
Zelda Cliff.png	109	131	69.0458	79	41.1148	32	26.3008
Zelda Field Dawn.png	110	65	24.8696	158	94.8799	56	20.0684
Zelda Field Dusk.png	111	23	6.3383	173	53.6616	92	11.9666
Zelda Field Noon.png	112	184	29.6638	119	69.6212	73	27.9215
Zelda Field Sunset.png	113	140	63.7065	140	38.1193	28	10.2904
Zelda House Dawn.png	114	161	59.2906	97	47.7305	73	33.6223
Zelda House Dusk.png	115	91	67.2295	129	62.1856	45	16.9608
Zelda House Noon.png	116	171	50.3857	85	50.739	71	28.3241
Zelda House Sunset.png	117	138	72.101	127	58.9557	27	12.4604
Zelda Lake Dawn.png	118	137	30.7958	98	17.0794	101	14.4621
Zelda Lake Dusk.png	119	69	12.0376	102	16.2549	67	9.7676
Zelda Lake Noon.png	120	107	56.0341	91	23.5253	125	22.349
Zelda Lake Sunset.png	98	95	23.2647	65	27.1484	51	38.9191
Zelda Monster Hut 1.png	121	64	23.7374	130	31.4228	42	8.8258
Zelda Monster Hut 2.png	122	44	17.2772	187	22.1391	41	4.788
Zelda Monster Hut 3.png	123	23	12.1995	187	25.7309	45	7.3095
Zelda Mountain Dawn.png	126	138	56.1836	58	35.6912	113	42.0054
Zelda Mountain Dusk.png	124	55	25.8935	78	8.2596	114	8.3378
Zelda Mountain Noon.png	125	212	62.8563	81	34.9009	138	24.7726
Zelda Ricefield 2.png	127	222	58.4494	79	51.6724	95	40.8672
Zelda Ricefield 3.png	128	187	60.5524	86	56.025	86	31.7722
Zelda Ricefield 4.png	129	87	42.6792	139	53.8311	20	9.2408
Zelda Ricefield.png	130	171	47.436	89	44.4105	105	33.7108
Zelda Waterfall Dawn.png	131	92	20.7008	141	21.9927	67	6.2974
Zelda Waterfall Dusk.png	132	46	22.7044	130	42.8946	35	21.7554
Zelda Waterfall Noon.png	133	161	49.6681	40	21.4834	82	37.1573
Zelda Waterfall Sunset.png	134	65	24.5413	99	25.8047	50	14.7472